20100807
20100814
20100818
20100904
20100908
20100911
20100922
20101017
20101124
20101125
20101126
20101202
20101212
20101214
20101226
20110103
20110113
20110114
20110118
20110128
20110131
20110201
20110215
20110303
20110304
20110307
20110308
20110312
20110316
20110317
20110321
20110324
20110326
20110327
20110328
20110329
20110401
20110407
20110409
20110411
20110421
20110424
20110427
20110506
20110509
20110511
20110512
20110518
20110519
20110520
20110524
20110529
20110530
20110602
20110604
20110606
20110607
20110612
20110613
20110614
20110619
20110620
20110621
20110709
20110726
20110728
20110802
20110803
20110804
20110808
20110809
20110811
20110812
20110817
20110905
20110906
20110907
20110908
20110909
20110910
20110913
20110914
20110916
20110919
20110921
20110922
20110924
20110925
20110929
20111001
20111004
20111014
20111020
20111021
20111022
20111027
20111103
20111107
20111108
20111109
20111110
20111112
20111113
20111114
20111115
20111117
20111120
20111122
20111123
20111126
20111128
20111129
20111130
20111203
20111207
20111210
20111211
20111214
20111216
20111221
20111224
20111225
20111226
20111227
20111229
20120101
20120102
20120108
20120112
20120116
20120118
20120119
20120122
20120123
20120126
20120127
20120202
20120203
20120204
20120209
20120210
20120216
20120223
20120224
20120227
20120229
20120304
20120305
20120306
20120309
20120310
20120315
20120316
20120318
20120321
20120325
20120402
20120405
20120407
20120409
20120414
20120415
20120418
20120419
20120424
20120427
20120429
20120430
20120517
20120521
20120526
20120527
20120531
20120603
20120608
20120612
20120613
20120614
20120615
20120618
20120625
20120627
20120628
20120629
20120701
20120706
20120707
20120708
20120709
20120717
20120723
20120728
20120731
20120802
20120804
20120810
20120813
20120814
20120816
20120818
20120819
20120820
20120821
20120822
20120825
20120826
20120831
20120902
20120904
20120907
20120908
20120910
20120913
20120915
20120916
20120917
20120919
20120920
20120921
20120922
20120923
20120927
20120928
20120929
20121005
20121007
20121012
20121014
20121015
20121019
20121021
20121026
20121027
20121028
20121107
20121108
20121109
20121110
20121111
20121116
20121118
20121120
20121121
20121122
20121123
20121126
20121127
20121202
20121205
20121207
20121210
20121214
20121220
20130102
20130104
20130106
20130116
20130121
20130122
20130123
20130131
20130206
20130212
20130215
20130217
20130219
20130223
20130225
20130226
20130227
20130305
20130312
20130315
20130316
20130321
20130323
20130324
20130328
20130405
20130411
20130412
20130418
20130420
20130421
20130422
20130424
20130425
20130426
20130428
20130430
20130501
20130503
20130509
20130510
20130513
20130514
20130515
20130517
20130520
20130521
20130522
20130523
20130526
20130527
20130530
20130531
20130604
20130605
20130607
20130608
20130616
20130618
20130621
20130622
20130625
20130628
20130701
20130704
20130709
20130716
20130718
20130721
20130722
20130726
20130806
20130807
20130810
20130812
20130816
20130817
20130819
20130820
20130821
20130822
20130827
20130828
20130829
20130830
20130831
20130902
20130910
20130912
20130918
20130919
20130921
20130923
20130924
20130929
20131002
20131004
20131005
20131008
20131009
20131011
20131013
20131014
20131018
20131022
20131024
20131025
20131026
20131027
20131028
20131029
20131102
20131104
20131105
20131107
20131108
20131110
20131112
20131113
20131117
20131119
20131120
20131121
20131127
20131129
20131130
20131204
20131205
20131207
20131209
20131212
20131213
20131214
20131216
20131221
20131226
20131227
20131228
20131229
20131231
20140106
20140107
20140109
20140116
20140117
20140120
20140121
20140126
20140130
20140131
20140202
20140209
20140211
20140212
20140214
20140216
20140218
20140219
20140220
20140221
20140222
20140223
20140224
20140304
20140305
20140308
20140309
20140310
20140312
20140314
20140316
20140318
20140320
20140321
20140322
20140323
20140326
20140328
20140329
20140402
20140405
20140406
20140407
20140408
20140411
20140418
20140420
20140425
20140503
20140504
20140506
20140507
20140508
20140510
20140512
20140514
20140517
20140526
20140529
20140602
20140604
20140605
20140606
20140607
20140608
20140610
20140612
20140614
20140615
20140619
20140622
20140624
20140625
20140627
20140630
20140701
20140708
20140709
20140710
20140720
20140722
20140726
20140730
20140801
20140805
20140808
20140812
20140815
20140822
20140824
20140825
20140828
20140901
20140902
20140906
20140909
20140910
20140912
20140917
20140921
20140922
20140923
20140926
20141001
20141002
20141006
20141010
20141013
20141014
20141017
20141022
20141028
20141101
20141102
20141103
20141104
20141105
20141106
20141107
20141111
20141114
20141205
20141206
20141209
20141210
20141212
20141213
20141217
20141220
20150124
20150201
20150209
20150210
20150213
20150221
20150224
20150228
20150303
20150306
20150307
20150310
20150315
20150320
20150324
20150329
20150402
20150403
20150404
20150405
20150413
20150414
20150418
20150419
20150421
20150423
20150425
20150426
20150428
20150429
20150430
20150501
20150502
20150503
20150504
20150506
20150509
20150512
20150513
20150515
20150521
20150531
20150601
20150603
20150618
20150619
20150621
20150622
20150623
20150625
20150701
20150702
20150706
20150708
20150710
20150714
20150719
20150721
20150802
20150803
20150807
20150811
20150812
20150814
20150904
20150918
20150920
20150930
20151007
20151029
20151030
20151102
20151104
20151109
20151115
20151129
20151130
20151204
20151207
20151216
20151219
20151220
20151228
20160101
20160106
20160112
20160130
20160208
20160211
20160220
20160221
20160227
20160312
20160314
20160316
20160404
20160406
20160410
20160412
20160417
20160424
20160428
20160515
20160620
20160621
20160705
20160914
20161001
20161025
20161105
20161212
20170112
20170313
20170410
20170418
20170523
20170714
20170720
20170723
20170728
20170904
20170906
20170909
20170910
20170912
20170917
20171009
20171018
20180212
20180503
20190320
20190430
20190512
20201124
20201129
20201207
20210108
20210220
20210316
20210422
20210522
20210528
20210610
20210623
20210628
20210702
20210713
20210715
20210717
20210824
20210826
20210918
20210928
20211009
20211015
20211023
20211028
20211101
20211102
20211103
20211109
20211110
20211111
20211124
20211204
20211218
20211220
20220109
20220112
20220114
20220115
20220120
20220121
20220126
20220129
20220212
20220215
20220217
20220228
20220310
20220314
20220316
20220321
20220328
20220330
20220402
20220407
20220411
20220413
20220416
20220417
20220419
20220425
20220427
20220430
20220508
20220510
20220511
20220521
20220524
20220525
20220528
20220613
20220614
20220626
20220630
20220708
20220709
20220714
20220715
20220720
20220722
20220723
20220730
20220814
20220815
20220816
20220817
20220818
20220819
20220826
20220827
20220828
20220830
20220902
20220905
20220923
20220924
20220926
20221003
20221007
20221009
20221015
20221026
20221031
20221119
20221130
20221201
20221208
20221214
20221218
20221219
20221225
20230101
20230103
20230111
20230112
20230115
20230118
20230120
20230123
20230125
20230210
20230216
20230217
20230218
20230219
20230221
20230222
20230224
20230225
20230302
20230303
20230304
20230305
20230306
20230309
20230310
20230311
20230312
20230313
20230317
20230318
20230319
20230320
20230327
20230329
20230330
20230331
20230401
20230403
20230407
20230409
20230415
20230421
20230426
20230430
20230502
20230504
20230505
20230506
20230507
20230509
20230510
20230511
20230512
20230516
20230517
20230522
20230523
20230606
20230609
20230613
20230616
20230617
20230620
20230621
20230704
20230707
20230710
20230711
20230714
20230715
20230716
20230717
20230719
20230722
20230727
20230728
20230729
20230802
20230804
20230805
20230806
20230807
20230808
20230809
20230811
20230817
20230822
20230826
20230829
20230902
20230903
20230905
20230908
20230910
20230911
20230914
20230917
20230920
20230921
20230924
20231003
20231010
20231011
20231012
20231014
20231016
20231017
20231018
20231019
20231022
20231023
20231026
20231028
20231031
20231102
20231103
20231106
20231109
20231115
20231116
20231119
20231121
20231122
20231123
20231124
20231127
20231128
20231201
20231205
20231207
20231208
20231209
20231212
20231214
20231215
20231224
20231225
20231230
20231231
20240102
20240103
20240104
20240109
20240111
20240112
20240114
20240120
20240121
20240122
20240123
20240127
20240128
20240129
20240131
20240201
20240206
20240207
20240208
20240209
20240210
20240212
20240215
20240216
20240217
20240219
20240221
20240225
20240228
20240229
20240305
20240307
20240309
20240315
20240317
20240319
20240320
20240323
20240325
20240327
20240328
20240329
20240330
20240403
20240411
20240414
20240416
20240419
20240423
20240501
20240508
20240509
20240510
20240511
20240512
20240513
20240514
20240515
20240516
20240517
20240520
20240524
20240527
20240528
20240529
20240601
20240605
20240608
20240610
20240611
20240612
20240613
20240617
20240618
20240622
20240624
20240625
20240629
20240710
20240716
20240717
20240722
20240723
20240724
20240727
20240728
20240729
20240730
20240731
20240909
20241007
20241114
20241116
20241118
20241121
20241125
20241221
20241222
20241225
20241227
20250101
20250104
20250107
20250121
20250122
20250124
20250130
20250131
20250202
20250205
20250206
20250214
20250215
20250219
20250221
20250224
20250228
20250302
20250315
20250319
20250322
20250328
20250405
20250412
20250413
20250419
20250420
20250603
20250608
20250611
20250615
20250616
20250617
20250618
